123                123        0   1747215312   1747215312     123.00   1747223969        0      12.00   0
456                456        0   1747220887   1747220887     456.00   1747220887        0     456.00   0
4                  4          2   1747220891   1747220891       4.00   1747220891        0       4.00   0
dairenwen          1234546    0   1747234771   1747234771       0.00   1747234771        0   99999.00   0
jsajhfsdjsdfjd     sdsdfjh    0   1747234783   1747234783       0.00   1747234783        0   11111.00   0
ewahfehfe          jasdj      0   1747234788   1747234788       0.00   1747234788        0       2.00   0
sjsfijfsj          jsjsdfa    0   1747234793   1747234793       0.00   1747234793        0    3333.00   0
sdhf               osidhf     0   1747234798   1747234798       0.00   1747234798        0       2.00   0
shdf               ijsaefs    0   1747234808   1747234808       0.00   1747234808        0     123.00   0
ijsohisfda         jsfdaj     0   1747234813   1747234813       0.00   1747234813        0    2123.00   0
ajiejisfda         sjfadsji   0   1747234817   1747234817       0.00   1747234817        0       2.00   0
ipjasefjfsap       sijfsdio   0   1747234822   1747234822       0.00   1747234822        0       3.00   0
jiosfeajif         sdfifo     0   1747234826   1747234826       0.00   1747234826        0    4344.00   0
3484725023         123        3   1747234933   1747234933       0.04   1747234987        3 1233332.96   0
